0, folkungagatan, 0, 1, 59.31421205818895, 18.073384165763855, 59.31428323627098, 18.073952794075012, 63.3859477322973
1, folkungagatan, 2, 1, 59.31433251331741, 18.074349761009216, 59.31428323627098, 18.073952794075012, 44.2453652883762
2, folkungagatan, 2, 3, 59.31433251331741, 18.074349761009216, 59.31434620137319, 18.07448923587799, 15.5049936566565
3, folkungagatan, 4, 3, 59.31442285438371, 18.075068593025208, 59.31434620137319, 18.07448923587799, 64.6353377460234
4, folkungagatan, 4, 5, 59.31442285438371, 18.075068593025208, 59.314496769623055, 18.07571768760681, 72.2674588504841
5, folkungagatan, 6, 5, 59.314589847844, 18.07647407054901, 59.314496769623055, 18.07571768760681, 84.2952590567236
6, folkungagatan, 6, 7, 59.314589847844, 18.07647407054901, 59.31463912444604, 18.076897859573364, 47.1947116181376
7, folkungagatan, 8, 7, 59.31468566339353, 18.07723581790924, 59.31463912444604, 18.076897859573364, 37.7287299942254
8, folkungagatan, 8, 9, 59.31468566339353, 18.07723581790924, 59.31474041501489, 18.077622056007385, 43.1404058142093
9, folkungagatan, 10, 9, 59.31478421624847, 18.07799220085144, 59.31474041501489, 18.077622056007385, 41.2297115474181
10, folkungagatan, 10, 11, 59.31478421624847, 18.07799220085144, 59.31481980470924, 18.07827651500702, 31.6929785660272
11, folkungagatan, 12, 11, 59.314860868271516, 18.078587651252747, 59.31481980470924, 18.07827651500702, 34.7101672439207
12, folkungagatan, 12, 13, 59.314860868271516, 18.078587651252747, 59.3149785835418, 18.07949423789978, 101.112979557455
13, folkungagatan, 14, 13, 59.315008696685034, 18.079714179039, 59.3149785835418, 18.07949423789978, 24.5511985939215
14, folkungagatan, 14, 15, 59.315008696685034, 18.079714179039, 59.31520032515335, 18.081361055374146, 183.403689247495
15, folkungagatan, 16, 15, 59.315246863332646, 18.081672191619873, 59.31520032515335, 18.081361055374146, 34.7875055036451
16, folkungagatan, 16, 17, 59.315246863332646, 18.081672191619873, 59.315279713773776, 18.0819833278656, 34.6120527406989
17, folkungagatan, 18, 17, 59.31532898937601, 18.082315921783447, 59.315279713773776, 18.0819833278656, 37.1796729864766
18, folkungagatan, 18, 19, 59.31532898937601, 18.082315921783447, 59.31538100243423, 18.082686066627502, 41.3364945055751
19, folkungagatan, 20, 19, 59.31547134071458, 18.083442449569702, 59.31538100243423, 18.082686066627502, 84.2618923002721
20, folkungagatan, 20, 21, 59.31547134071458, 18.083442449569702, 59.31552061603909, 18.083796501159668, 39.532489103818
21, folkungagatan, 22, 21, 59.31526876363025, 18.083914518356323, 59.31552061603909, 18.083796501159668, 29.6878469663092
22, folkungagatan, 22, 23, 59.31526876363025, 18.083914518356323, 59.31503607224662, 18.08401644229889, 27.0919042638794
23, folkungagatan, 24, 23, 59.31484170528196, 18.084113001823425, 59.31503607224662, 18.08401644229889, 23.1849012574323
24, kocksgatan, 24, 25, 59.31484170528196, 18.084113001823425, 59.31480064169653, 18.083689212799072, 47.1065027832599
25, kocksgatan, 26, 25, 59.314718514376914, 18.083147406578064, 59.31480064169653, 18.083689212799072, 60.5947275710157
26, kocksgatan, 26, 27, 59.314718514376914, 18.083147406578064, 59.314693876142336, 18.08296501636505, 20.354947910953
27, kocksgatan, 28, 27, 59.314663762720286, 18.082696795463562, 59.314693876142336, 18.08296501636505, 29.8577223183875
28, kocksgatan, 28, 29, 59.314663762720286, 18.082696795463562, 59.31461174856483, 18.082294464111328, 44.8696271438741
29, kocksgatan, 30, 29, 59.31453509598018, 18.081682920455933, 59.31461174856483, 18.082294464111328, 68.1711050523989
30, kocksgatan, 30, 31, 59.31453509598018, 18.081682920455933, 59.314474868828164, 18.08128595352173, 44.3970073520483
31, kocksgatan, 32, 31, 59.31442832959213, 18.080915808677673, 59.314474868828164, 18.08128595352173, 41.2632234365872
32, kocksgatan, 32, 33, 59.31442832959213, 18.080915808677673, 59.3144009535412, 18.080663681030273, 28.0559570155999
33, kocksgatan, 34, 33, 59.31436810225099, 18.080395460128784, 59.3144009535412, 18.080663681030273, 29.8900732624473
34, kocksgatan, 34, 35, 59.31436810225099, 18.080395460128784, 59.31433251331741, 18.080084323883057, 34.6424408571454
35, kocksgatan, 36, 35, 59.31426954818986, 18.079655170440674, 59.31433251331741, 18.080084323883057, 47.9646654370758
36, kocksgatan, 36, 37, 59.31426954818986, 18.079655170440674, 59.314253122485226, 18.07947278022766, 20.2619848492973
37, kocksgatan, 38, 37, 59.31420932056744, 18.079177737236023, 59.314253122485226, 18.07947278022766, 32.9832835184839
38, kocksgatan, 38, 39, 59.31420932056744, 18.079177737236023, 59.31416278096795, 18.07876467704773, 45.9827478214828
39, kocksgatan, 40, 39, 59.31412445419112, 18.07850182056427, 59.31416278096795, 18.07876467704773, 29.374834447238
40, kocksgatan, 40, 41, 59.31412445419112, 18.07850182056427, 59.31409707789552, 18.078319430351257, 20.3941801680857
41, kocksgatan, 42, 41, 59.314066963944875, 18.078088760375977, 59.31409707789552, 18.078319430351257, 25.729179948533
42, kocksgatan, 42, 43, 59.314066963944875, 18.078088760375977, 59.314053275776686, 18.077938556671143, 16.687767123101
43, kocksgatan, 44, 43, 59.31402863706006, 18.07776153087616, 59.314053275776686, 18.077938556671143, 19.7661840584339
44, kocksgatan, 44, 45, 59.31402863706006, 18.07776153087616, 59.31400399832556, 18.077557682991028, 22.7123228248991
45, kocksgatan, 46, 45, 59.31397388429251, 18.077305555343628, 59.31400399832556, 18.077557682991028, 28.0873277277522
46, kocksgatan, 46, 47, 59.31397388429251, 18.077305555343628, 59.31389723026978, 18.076812028884888, 55.2235422584122
47, kocksgatan, 48, 47, 59.31379867484379, 18.0760395526886, 59.31389723026978, 18.076812028884888, 86.132856162242
48, kocksgatan, 48, 49, 59.31379867484379, 18.0760395526886, 59.313705594456934, 18.075369000434875, 74.8688074926457
49, kocksgatan, 50, 49, 59.31364810350247, 18.074891567230225, 59.313705594456934, 18.075369000434875, 53.19218363528
50, kocksgatan, 50, 51, 59.31364810350247, 18.074891567230225, 59.31359335012213, 18.07449460029602, 44.3174760084546
51, kocksgatan, 52, 51, 59.31357418641817, 18.074328303337097, 59.31359335012213, 18.07449460029602, 18.517412162533
52, kocksgatan, 52, 53, 59.31357418641817, 18.074328303337097, 59.31355228502899, 18.074172735214233, 17.3739376145895
53, kocksgatan, 54, 53, 59.31348658077684, 18.07372748851776, 59.31355228502899, 18.074172735214233, 49.7688420667801
54, kocksgatan, 54, 55, 59.31348658077684, 18.07372748851776, 59.31324018870047, 18.073856234550476, 29.7219228365976
55, kocksgatan, 56, 55, 59.31303486060623, 18.073963522911072, 59.31324018870047, 18.073856234550476, 24.7683197942899
56, gotgatan, 56, 57, 59.31303486060623, 18.073963522911072, 59.31273234162156, 18.07425320148468, 45.3162173598933
57, gotgatan, 58, 57, 59.31251058391414, 18.074360489845276, 59.31273234162156, 18.07425320148468, 26.3078161837258
58, gotgatan, 58, 59, 59.31251058391414, 18.074360489845276, 59.31181381726215, 18.074738681316376, 84.8097232325436
59, gotgatan, 60, 59, 59.31126077423538, 18.07497203350067, 59.31181381726215, 18.074738681316376, 63.989163818984
60, gotgatan, 60, 61, 59.31126077423538, 18.07497203350067, 59.31096097735001, 18.075095415115356, 34.5498619072265
61, gotgatan, 62, 61, 59.31071182906899, 18.075205385684967, 59.31096097735001, 18.075095415115356, 29.0479531794202
62, gotgatan, 62, 63, 59.31071182906899, 18.075205385684967, 59.31057356467487, 18.075318038463593, 19.2276022454877
63, gotgatan, 64, 63, 59.3101601370933, 18.075554072856903, 59.31057356467487, 18.075318038463593, 50.9696055476659
64, gotgatan, 64, 65, 59.3101601370933, 18.075554072856903, 59.31001091861914, 18.07562917470932, 17.8497249821256
65, gotgatan, 66, 65, 59.3096440300454, 18.075808882713318, 59.31001091861914, 18.07562917470932, 43.6356314732997
66, gotgatan, 66, 67, 59.3096440300454, 18.075808882713318, 59.30924291226189, 18.07601273059845, 48.084100952253
67, gotgatan, 68, 67, 59.309062202363, 18.07610124349594, 59.30924291226189, 18.07601273059845, 21.4925051567339
68, gotgatan, 68, 69, 59.309062202363, 18.07610124349594, 59.30892940735556, 18.07617098093033, 16.0372265453429
69, gotgatan, 70, 69, 59.30862548280969, 18.076321184635162, 59.30892940735556, 18.07617098093033, 36.2146894611146
70, gotgatan, 70, 71, 59.30862548280969, 18.076321184635162, 59.308190126701206, 18.076551854610443, 52.6857005087549
71, gotgatan, 72, 71, 59.307771193863424, 18.0767422914505, 59.308190126701206, 18.076551854610443, 49.1019994673086
72, asogatan, 74, 73, 59.31297463079672, 18.074534833431244, 59.31295272902135, 18.074355125427246, 20.0249921563638
73, asogatan, 74, 75, 59.31297463079672, 18.074534833431244, 59.31304444261154, 18.075031042099, 55.4159758940587
74, asogatan, 76, 75, 59.31308550831802, 18.0753555893898, 59.31304444261154, 18.075031042099, 36.1834108525363
75, asogatan, 76, 77, 59.31308550831802, 18.0753555893898, 59.31313478710031, 18.075741827487946, 43.0664268981153
76, asogatan, 78, 77, 59.31319364777442, 18.076162934303284, 59.31313478710031, 18.075741827487946, 47.0232638119477
77, asogatan, 78, 79, 59.31319364777442, 18.076162934303284, 59.313253877195976, 18.076597452163696, 48.5137530478492
78, asogatan, 80, 79, 59.31328536071479, 18.07684689760208, 59.313253877195976, 18.076597452163696, 27.8093931032294
79, asogatan, 80, 81, 59.31328536071479, 18.07684689760208, 59.31332368843746, 18.077139258384705, 32.612302131771
80, asogatan, 82, 81, 59.313368860340866, 18.07746648788452, 59.31332368843746, 18.077139258384705, 36.5324233377727
81, asogatan, 82, 83, 59.313368860340866, 18.07746648788452, 59.313415401027044, 18.077820539474487, 39.4953335523091
82, asogatan, 84, 83, 59.31345235976189, 18.078120946884155, 59.313415401027044, 18.077820539474487, 33.478895613226
83, asogatan, 84, 85, 59.31345235976189, 18.078120946884155, 59.31349479381531, 18.078421354293823, 33.5515309621635
84, asogatan, 86, 85, 59.31354270316679, 18.0787593126297, 59.31349479381531, 18.078421354293823, 37.7478808464545
85, asogatan, 86, 87, 59.31354270316679, 18.0787593126297, 59.313579661763264, 18.079035580158234, 30.8268548829292
86, asogatan, 88, 87, 59.31359061245079, 18.079129457473755, 59.313579661763264, 18.079035580158234, 10.4551014445084
87, asogatan, 88, 89, 59.31359061245079, 18.079129457473755, 59.31362346449223, 18.079376220703125, 27.5325735073401
88, asogatan, 90, 89, 59.31367000482992, 18.07974636554718, 59.31362346449223, 18.079376220703125, 41.263330192077
89, asogatan, 90, 91, 59.31367000482992, 18.07974636554718, 59.313739815217005, 18.0802184343338, 52.7692014639763
90, asogatan, 92, 91, 59.31372886457754, 18.080384731292725, 59.313739815217005, 18.0802184343338, 18.4423857999098
91, asogatan, 92, 93, 59.31372886457754, 18.080384731292725, 59.3137822489117, 18.080757558345795, 41.6501414712293
92, asogatan, 94, 93, 59.31383015785816, 18.081130385398865, 59.3137822489117, 18.080757558345795, 41.5754697036379
93, asogatan, 94, 95, 59.31383015785816, 18.081130385398865, 59.313947876697036, 18.08199942111969, 96.989857881497
94, asogatan, 96, 95, 59.313984834853066, 18.08215767145157, 59.313947876697036, 18.08199942111969, 17.9470625072217
95, asogatan, 96, 97, 59.313984834853066, 18.08215767145157, 59.31399578541011, 18.082248866558075, 10.159819145771
96, asogatan, 98, 97, 59.31401494887642, 18.082412481307983, 59.31399578541011, 18.082248866558075, 18.2224588281685
97, asogatan, 98, 99, 59.31401494887642, 18.082412481307983, 59.314034112331946, 18.082527816295624, 12.9257091352375
98, asogatan, 100, 99, 59.31404232523816, 18.08259755373001, 59.314034112331946, 18.082527816295624, 7.76719630887692
99, asogatan, 100, 101, 59.31404232523816, 18.08259755373001, 59.314060119861466, 18.082742393016815, 16.141342458199
100, asogatan, 102, 101, 59.31408612737109, 18.082940876483917, 59.314060119861466, 18.082742393016815, 22.1403408576407
101, asogatan, 102, 103, 59.31408612737109, 18.082940876483917, 59.314132667075526, 18.083268105983734, 36.5517111051107
102, asogatan, 104, 103, 59.31414772402507, 18.08339148759842, 59.314132667075526, 18.083268105983734, 13.7486435195581
103, asogatan, 104, 105, 59.31414772402507, 18.08339148759842, 59.3141723626554, 18.083573877811432, 20.3549482325944
104, asogatan, 106, 105, 59.314220271052186, 18.08391183614731, 59.3141723626554, 18.083573877811432, 37.7478872339714
105, asogatan, 106, 107, 59.314220271052186, 18.08391183614731, 59.31423259034327, 18.08402717113495, 12.8317259193749
106, asogatan, 108, 107, 59.3142804986552, 18.084386587142944, 59.31423259034327, 18.08402717113495, 40.1026266617986
107, renstiernas gata, 108, 109, 59.3142804986552, 18.084386587142944, 59.31379867484379, 18.084606528282166, 56.5148247382214
108, renstiernas gata, 110, 109, 59.31360019429948, 18.084697723388672, 59.31379867484379, 18.084606528282166, 23.308915261926
109, bondegatan, 110, 111, 59.31360019429948, 18.084697723388672, 59.31354954735436, 18.084319531917572, 42.2007046431081
110, bondegatan, 112, 111, 59.31351532640277, 18.084070086479187, 59.31354954735436, 18.084319531917572, 27.8455935153821
111, bondegatan, 112, 113, 59.31351532640277, 18.084070086479187, 59.31349753149436, 18.083914518356323, 17.3210930540796
112, bondegatan, 114, 113, 59.31345235976189, 18.08358460664749, 59.31349753149436, 18.083914518356323, 36.8267726677123
113, bondegatan, 114, 115, 59.31345235976189, 18.08358460664749, 59.313424982925135, 18.0833700299263, 23.9257249218719
114, bondegatan, 116, 115, 59.313385286472666, 18.083056211471558, 59.313424982925135, 18.0833700299263, 34.9871518138421
115, bondegatan, 116, 117, 59.313385286472666, 18.083056211471558, 59.313345589973885, 18.082779943943024, 30.8650739970834
116, bondegatan, 118, 117, 59.31328809841069, 18.08232933282852, 59.313345589973885, 18.082779943943024, 50.2441342790087
117, bondegatan, 118, 119, 59.31328809841069, 18.08232933282852, 59.31327440992894, 18.082173764705658, 17.279321243582
118, bondegatan, 120, 119, 59.31325935259267, 18.08202624320984, 59.31327440992894, 18.082173764705658, 16.4054251899863
119, bondegatan, 120, 121, 59.31325935259267, 18.08202624320984, 59.31322923790007, 18.081798255443573, 25.4345515212095
120, bondegatan, 122, 121, 59.3131881723672, 18.081446886062622, 59.31322923790007, 18.081798255443573, 39.1322677372185
121, bondegatan, 122, 123, 59.3131881723672, 18.081446886062622, 59.31314300022372, 18.081066012382507, 42.4259378958466
122, bondegatan, 124, 123, 59.31309919687581, 18.080709278583527, 59.31314300022372, 18.081066012382507, 39.7551252514683
123, bondegatan, 124, 125, 59.31309919687581, 18.080709278583527, 59.3130923525976, 18.08060199022293, 11.896892935179
124, bondegatan, 126, 125, 59.313063606614065, 18.080336451530457, 59.3130923525976, 18.08060199022293, 29.5473461752471
125, bondegatan, 126, 127, 59.313063606614065, 18.080336451530457, 59.3130430737538, 18.08023452758789, 11.4887197807545
126, bondegatan, 128, 127, 59.313008852292484, 18.079942166805267, 59.3130430737538, 18.08023452758789, 32.5610244838158
127, bondegatan, 128, 129, 59.313008852292484, 18.079942166805267, 59.31297189307558, 18.07965785264969, 31.7105041079162
128, bondegatan, 130, 129, 59.312954097882724, 18.0795156955719, 59.31297189307558, 18.07965785264969, 15.8466317821342
129, bondegatan, 130, 131, 59.312954097882724, 18.0795156955719, 59.312918507469114, 18.07922601699829, 32.2825423601985
130, bondegatan, 132, 131, 59.312861015183806, 18.078767359256744, 59.312918507469114, 18.07922601699829, 51.1283787558817
131, bondegatan, 132, 133, 59.312861015183806, 18.078767359256744, 59.312817211472606, 18.078450858592987, 35.3362733098778
132, bondegatan, 134, 133, 59.31280762940325, 18.078335523605347, 59.312817211472606, 18.078450858592987, 12.8056500150059
133, bondegatan, 134, 135, 59.31280762940325, 18.078335523605347, 59.31276930109884, 18.07804584503174, 32.317637968773
134, bondegatan, 136, 135, 59.312740554842215, 18.07779371738434, 59.31276930109884, 18.07804584503174, 28.071243649268
135, bondegatan, 136, 137, 59.312740554842215, 18.07779371738434, 59.312718652916075, 18.077632784843445, 17.9623875070211
136, bondegatan, 138, 137, 59.31268306225602, 18.077463805675507, 59.312718652916075, 18.077632784843445, 19.0785649500883
137, bondegatan, 138, 139, 59.31268306225602, 18.077463805675507, 59.31261461857426, 18.076927363872528, 59.814506252841
138, bondegatan, 140, 139, 59.31258587218686, 18.076699376106262, 59.31261461857426, 18.076927363872528, 25.4167838972688
139, bondegatan, 140, 141, 59.31258587218686, 18.076699376106262, 59.3125502813878, 18.076372146606445, 36.413668719144
140, bondegatan, 142, 141, 59.31253659260902, 18.076251447200775, 59.3125502813878, 18.076372146606445, 13.4374457203206
141, bondegatan, 142, 143, 59.31253659260902, 18.076251447200775, 59.3124845751994, 18.075862526893616, 43.396955681789
142, bondegatan, 144, 143, 59.31239012233109, 18.075060546398163, 59.3124845751994, 18.075862526893616, 89.3255636773008
143, bondegatan, 144, 145, 59.31239012233109, 18.075060546398163, 59.31234084246956, 18.074703812599182, 39.8268523988317
144, bondegatan, 146, 145, 59.312309358076206, 18.07465821504593, 59.31234084246956, 18.074703812599182, 6.04828230207602
145, bondegatan, 146, 147, 59.312309358076206, 18.07465821504593, 59.312254602540065, 18.074676990509033, 6.15800045159006
146, bondegatan, 148, 147, 59.312213535830075, 18.074717223644257, 59.312254602540065, 18.074676990509033, 6.22332595883452
147, bondegatan, 148, 149, 59.312213535830075, 18.074717223644257, 59.31218889578028, 18.074781596660614, 7.58714109388941
148, bondegatan, 150, 149, 59.31215741124621, 18.07504177093506, 59.31218889578028, 18.074781596660614, 28.9886159659424
149, katarina, 150, 151, 59.31215741124621, 18.07504177093506, 59.31210949994281, 18.075417280197144, 41.8701613267883
150, katarina, 152, 151, 59.31206569526348, 18.075779378414154, 59.31210949994281, 18.075417280197144, 40.3448126018239
151, katarina, 152, 153, 59.31206569526348, 18.075779378414154, 59.31207253974834, 18.075736463069916, 4.80481116951536
152, katarina, 154, 153, 59.31199998813866, 18.07629704475403, 59.31207253974834, 18.075736463069916, 62.519436575163
153, katarina, 154, 155, 59.31199998813866, 18.07629704475403, 59.311919222957115, 18.07690054178238, 67.3407878859445
154, skanegatan, 156, 155, 59.31198082353667, 18.07737797498703, 59.311919222957115, 18.07690054178238, 53.2437860125393
155, skanegatan, 156, 157, 59.31198082353667, 18.07737797498703, 59.3120205216288, 18.07771861553192, 37.9359720717257
156, skanegatan, 158, 157, 59.3120766464386, 18.07813972234726, 59.3120205216288, 18.07771861553192, 46.9857933800057
157, skanegatan, 158, 159, 59.3120766464386, 18.07813972234726, 59.31212866447226, 18.078504502773285, 40.7481462591736
158, skanegatan, 160, 159, 59.31216014903294, 18.07877004146576, 59.31212866447226, 18.078504502773285, 29.5785108891981
159, skanegatan, 160, 161, 59.31216014903294, 18.07877004146576, 59.31220258469903, 18.079081177711487, 34.728769195471
160, skanegatan, 162, 161, 59.31225186476093, 18.079459369182587, 59.31220258469903, 18.079081177711487, 42.1824997339791
161, skanegatan, 162, 163, 59.31225186476093, 18.079459369182587, 59.31230251363902, 18.079842925071716, 42.7897363695184
162, skanegatan, 164, 163, 59.31232304694649, 18.07999849319458, 59.31230251363902, 18.079842925071716, 17.3552139490478
163, skanegatan, 164, 165, 59.31232304694649, 18.07999849319458, 59.31234084246956, 18.080132603645325, 14.9624792593217
164, skanegatan, 166, 165, 59.312392860099074, 18.080542981624603, 59.31234084246956, 18.080132603645325, 45.7537423014435
165, skanegatan, 166, 167, 59.312392860099074, 18.080542981624603, 59.31246130422721, 18.08100700378418, 51.8671067018247
166, skanegatan, 168, 167, 59.31251058391414, 18.081398606300354, 59.31246130422721, 18.08100700378418, 43.6558234705559
167, skanegatan, 168, 169, 59.31251058391414, 18.081398606300354, 59.31255849465244, 18.08177411556244, 41.8701701951134
168, skanegatan, 170, 169, 59.31258860993908, 18.08202624320984, 59.31255849465244, 18.08177411556244, 28.0873320356382
169, skanegatan, 170, 171, 59.31258860993908, 18.08202624320984, 59.312617356324175, 18.082259595394135, 26.0063960320457
170, skanegatan, 172, 171, 59.31266800465785, 18.08264046907425, 59.312617356324175, 18.082259595394135, 42.4951853113915
171, skanegatan, 172, 173, 59.31266800465785, 18.08264046907425, 59.31276793223004, 18.083241283893585, 67.3350128210559
172, skanegatan, 174, 173, 59.31279257186024, 18.083429038524628, 59.31276793223004, 18.083241283893585, 20.9438763720646
173, skanegatan, 174, 175, 59.31279257186024, 18.083429038524628, 59.31282953127209, 18.083657026290894, 25.5355676853972
174, skanegatan, 176, 175, 59.3128733349674, 18.08401107788086, 59.31282953127209, 18.083657026290894, 39.4603333273696
175, skanegatan, 176, 177, 59.3128733349674, 18.08401107788086, 59.31295546674404, 18.08462530374527, 68.5370205517438
176, blekingegatan, 178, 63, 59.31062421605281, 18.07572305202484, 59.31057356467487, 18.075318038463593, 45.1469871439966
177, blekingegatan, 178, 179, 59.31062421605281, 18.07572305202484, 59.310672129448996, 18.076031506061554, 34.5147902276066
178, blekingegatan, 180, 179, 59.31072688753339, 18.07648479938507, 59.310672129448996, 18.076031506061554, 50.504845429358
179, blekingegatan, 180, 181, 59.31072688753339, 18.07648479938507, 59.31077206288666, 18.076803982257843, 35.6498020462903
180, blekingegatan, 182, 181, 59.31081313133753, 18.077107071876526, 59.31077206288666, 18.076803982257843, 33.8268443824787
181, blekingegatan, 182, 183, 59.31081313133753, 18.077107071876526, 59.31085419973883, 18.07739406824112, 32.061261208058
182, blekingegatan, 184, 183, 59.31087473392085, 18.077557682991028, 59.31085419973883, 18.07739406824112, 18.239055069581
183, blekingegatan, 184, 185, 59.31087473392085, 18.077557682991028, 59.310907588586325, 18.077812492847443, 28.4162921895107
184, blekingegatan, 186, 185, 59.310925384850215, 18.077925145626068, 59.310907588586325, 18.077812492847443, 12.6101944407058
185, blekingegatan, 186, 187, 59.310925384850215, 18.077925145626068, 59.310965084174526, 18.078241646289825, 35.2819099444348
186, gotlandsgatan, 188, 189, 59.30957694924383, 18.076487481594086, 59.30959885319358, 18.076656460762024, 18.8460998717742
187, gotlandsgatan, 190, 189, 59.30962212612472, 18.076822757720947, 59.30959885319358, 18.076656460762024, 18.5700224703124
188, gotlandsgatan, 190, 191, 59.30962212612472, 18.076822757720947, 59.30967551690664, 18.07728946208954, 51.9636994206011
189, gotlandsgatan, 192, 191, 59.30973164558696, 18.077686429023743, 59.30967551690664, 18.07728946208954, 44.3367373201183
190, gotlandsgatan, 192, 193, 59.30973164558696, 18.077686429023743, 59.30977545327309, 18.078016340732574, 36.8083643197158
191, gotlandsgatan, 194, 193, 59.30996437327303, 18.07876467704773, 59.30977545327309, 18.078016340732574, 85.206965703123
192, gotlandsgatan, 194, 195, 59.30996437327303, 18.07876467704773, 59.31002187045602, 18.079223334789276, 51.1283791196296
193, gotlandsgatan, 196, 195, 59.31006020185735, 18.079480826854706, 59.31002187045602, 18.079223334789276, 28.7870083807875
194, gotlandsgatan, 196, 197, 59.31006020185735, 18.079480826854706, 59.31009305730979, 18.07977318763733, 32.5452077605431
195, gotlandsgatan, 198, 197, 59.31012865068078, 18.080033361911774, 59.31009305730979, 18.07977318763733, 29.041855815245
196, gotlandsgatan, 198, 199, 59.31012865068078, 18.080033361911774, 59.31018751655875, 18.080441057682037, 45.5525311516766
197, gotlandsgatan, 200, 199, 59.31019436142168, 18.080542981624603, 59.31018751655875, 18.080441057682037, 11.3044409031305
198, gotlandsgatan, 200, 201, 59.31019436142168, 18.080542981624603, 59.31022174085956, 18.080730736255646, 20.9820088079752
199, gotlandsgatan, 202, 201, 59.31022995468663, 18.080808520317078, 59.31022174085956, 18.080730736255646, 8.6529805266816
200, gotlandsgatan, 202, 203, 59.31022995468663, 18.080808520317078, 59.310258703065735, 18.081020414829254, 23.6493620055826
201, gotlandsgatan, 204, 203, 59.3102997721366, 18.08133155107498, 59.310258703065735, 18.081020414829254, 34.7103002051105
202, gotlandsgatan, 204, 205, 59.3102997721366, 18.08133155107498, 59.310339472191295, 18.08162122964859, 32.3362230163677
203, gotlandsgatan, 206, 205, 59.310355899786586, 18.081733882427216, 59.310339472191295, 18.08162122964859, 12.5894054225985
204, gotlandsgatan, 206, 207, 59.310355899786586, 18.081733882427216, 59.310392861846964, 18.082023561000824, 32.2998880570088
205, gotlandsgatan, 208, 207, 59.31046404792409, 18.082495629787445, 59.310392861846964, 18.082023561000824, 52.7898281448379
206, gotlandsgatan, 208, 209, 59.31046404792409, 18.082495629787445, 59.31052291322147, 18.082940876483917, 49.6728426784282
207, gotlandsgatan, 210, 209, 59.31056671988827, 18.0832439661026, 59.31052291322147, 18.082940876483917, 33.8654151623318
208, gotlandsgatan, 210, 211, 59.31056671988827, 18.0832439661026, 59.31063516769217, 18.083356618881226, 14.4210411972695
209, gotlandsgatan, 212, 213, 59.310891161257544, 18.085971772670746, 59.310841879223645, 18.08559089899063, 42.4772244182294
210, gotlandsgatan, 214, 213, 59.31078712132441, 18.0852073431015, 59.310841879223645, 18.08559089899063, 42.8463876150733
211, gotlandsgatan, 214, 215, 59.31078712132441, 18.0852073431015, 59.31071182906899, 18.0846306681633, 64.3228601969308
212, gotlandsgatan, 216, 215, 59.310665284682244, 18.084249794483185, 59.31071182906899, 18.0846306681633, 42.44254626036
213, gotlandsgatan, 216, 217, 59.310665284682244, 18.084249794483185, 59.31062010918713, 18.08413714170456, 13.3540061087014
214, gotlandsgatan, 218, 217, 59.310433930755806, 18.08439463376999, 59.31062010918713, 18.08413714170456, 34.6499986780794
215, katarina, 218, 219, 59.310433930755806, 18.08439463376999, 59.310347685989946, 18.08461457490921, 25.9989658442817
216, katarina, 220, 219, 59.31024775130515, 18.08484524488449, 59.310347685989946, 18.08461457490921, 27.6356425848152
217, katarina, 220, 221, 59.31024775130515, 18.08484524488449, 59.31012728170564, 18.085142970085144, 35.3340121590212
218, katarina, 222, 221, 59.31005198798926, 18.085306584835052, 59.31012728170564, 18.085142970085144, 19.7853117115962
219, katarina, 222, 223, 59.31005198798926, 18.085306584835052, 59.30996437327303, 18.085577487945557, 31.3854616622926
220, katarina, 224, 223, 59.309954790399765, 18.08566063642502, 59.30996437327303, 18.085577487945557, 9.25858842261757
221, katarina, 224, 225, 59.309954790399765, 18.08566063642502, 59.309957528363825, 18.085725009441376, 7.13051655619007
222, katarina, 226, 225, 59.3099890149348, 18.085818886756897, 59.309957528363825, 18.085725009441376, 10.9120933018093
223, katarina, 226, 227, 59.3099890149348, 18.085818886756897, 59.310065677768264, 18.086046874523163, 26.5066883285639
224, katarina, 228, 227, 59.310106747072254, 18.086170256137848, 59.310065677768264, 18.086046874523163, 14.3312191708012
225, katarina, 228, 229, 59.310106747072254, 18.086170256137848, 59.310171088882115, 18.08624804019928, 10.9776304424827
226, olandsgatan, 230, 70, 59.30869530355377, 18.076814711093903, 59.30862548280969, 18.076321184635162, 55.1219523923154
227, olandsgatan, 230, 231, 59.30869530355377, 18.076814711093903, 59.30875554094331, 18.077308237552643, 54.9950530173923
228, olandsgatan, 232, 231, 59.30878018348099, 18.07747185230255, 59.30875554094331, 18.077308237552643, 18.2959206342587
229, olandsgatan, 232, 233, 59.30878018348099, 18.07747185230255, 59.30878839765627, 18.077563047409058, 10.1308810099485
230, olandsgatan, 234, 233, 59.30882536142039, 18.07786077260971, 59.30878839765627, 18.077563047409058, 33.1840791076342
231, olandsgatan, 234, 235, 59.30882536142039, 18.07786077260971, 59.308836313639084, 18.077935874462128, 8.39299537473904
232, olandsgatan, 236, 235, 59.30887875345319, 18.07824432849884, 59.308836313639084, 18.077935874462128, 34.4343539816113
233, olandsgatan, 236, 237, 59.30887875345319, 18.07824432849884, 59.30889381272932, 18.078351616859436, 11.9812516326295
234, olandsgatan, 238, 237, 59.308937621494756, 18.07872176170349, 59.30889381272932, 18.078351616859436, 41.2297130947026
235, olandsgatan, 238, 239, 59.308937621494756, 18.07872176170349, 59.30895678781189, 18.078845143318176, 13.8060085598831
236, olandsgatan, 240, 239, 59.30900470355745, 18.079234063625336, 59.30895678781189, 18.078845143318176, 43.3440583032198
237, ringvagen, 241, 72, 59.30801488744921, 18.076940774917603, 59.307771193863424, 18.0767422914505, 33.8837255882271
238, ringvagen, 241, 242, 59.30801488744921, 18.076940774917603, 59.30805732828841, 18.077332377433777, 43.5752542938173
239, ringvagen, 243, 242, 59.30812715019897, 18.07802438735962, 59.30805732828841, 18.077332377433777, 76.9483203091187
240, ringvagen, 243, 244, 59.30812715019897, 18.07802438735962, 59.308164114681816, 18.07835429906845, 36.7240949592505
241, ringvagen, 245, 244, 59.30822161490861, 18.078778088092804, 59.308164114681816, 18.07835429906845, 47.298815507094
242, ringvagen, 245, 246, 59.30822161490861, 18.078778088092804, 59.30828185313715, 18.0792635679245, 54.1106108928071
243, ringvagen, 247, 246, 59.308288698383656, 18.07936280965805, 59.30828185313715, 18.0792635679245, 11.0078797234546
244, ringvagen, 247, 248, 59.308288698383656, 18.07936280965805, 59.30828322218656, 18.079413771629333, 5.67036932045744
245, ringvagen, 249, 248, 59.308266793590015, 18.07960420846939, 59.30828322218656, 18.079413771629333, 21.1493721996818
246, ringvagen, 249, 250, 59.308266793590015, 18.07960420846939, 59.308186019541566, 18.0796417593956, 9.50718326529937
247, ringvagen, 251, 250, 59.308292805530876, 18.08012992143631, 59.308186019541566, 18.0796417593956, 55.2002742369321
248, ringvagen, 251, 252, 59.308292805530876, 18.08012992143631, 59.308358519819194, 18.08010846376419, 7.35034995245419
249, ringvagen, 253, 252, 59.30841875780524, 18.08016747236252, 59.308358519819194, 18.08010846376419, 9.12758182804233
250, ringvagen, 253, 254, 59.30841875780524, 18.08016747236252, 59.308483102808864, 18.0802720785141, 13.4330590773934
251, ringvagen, 255, 254, 59.308546078651965, 18.080542981624603, 59.308483102808864, 18.0802720785141, 30.7160772575215
252, ringvagen, 255, 256, 59.308546078651965, 18.080542981624603, 59.30864464930272, 18.080945312976837, 45.7366643051022
253, ringvagen, 257, 256, 59.30870625581436, 18.081202805042267, 59.30864464930272, 18.080945312976837, 29.2361408847704
254, ringvagen, 257, 258, 59.30870625581436, 18.081202805042267, 59.30875554094331, 18.081430792808533, 25.7676258253389
255, ringvagen, 259, 258, 59.308828099475384, 18.08174729347229, 59.30875554094331, 18.081430792808533, 35.862906674566
256, ringvagen, 259, 260, 59.308828099475384, 18.08174729347229, 59.309045774142774, 18.08271825313568, 109.909582950359
257, ringvagen, 261, 260, 59.30893899051778, 18.082812130451202, 59.309045774142774, 18.08271825313568, 15.353627253288
258, ringvagen, 261, 262, 59.30893899051778, 18.082812130451202, 59.30908958271244, 18.08327078819275, 53.2088510972033
259, ringvagen, 263, 262, 59.30919088981366, 18.08326005935669, 59.30908958271244, 18.08327078819275, 10.7892362117106
260, ringvagen, 263, 264, 59.30919088981366, 18.08326005935669, 59.309230591162915, 18.083311021327972, 7.03407651216547
261, ringvagen, 265, 264, 59.309275768503944, 18.08345854282379, 59.309230591162915, 18.083311021327972, 17.0138493144615
262, ringvagen, 265, 266, 59.309275768503944, 18.08345854282379, 59.30935243294535, 18.083694577217102, 27.3561244551976
263, ringvagen, 267, 266, 59.309613912150866, 18.08451533317566, 59.30935243294535, 18.083694577217102, 94.965544052935
264, ringvagen, 267, 268, 59.309613912150866, 18.08451533317566, 59.30974670448542, 18.084936439990997, 48.6822365032466
265, ringvagen, 269, 268, 59.30986854441872, 18.085317313671112, 59.30974670448542, 18.084936439990997, 44.0844583538637
266, gotgatan, 270, 0, 59.3137617164854, 18.07361215353012, 59.31421205818895, 18.073384165763855, 53.9400195092194
267, ostgotagatan, 271, 6, 59.31433661973473, 18.076592087745667, 59.314589847844, 18.07647407054901, 29.8197546978088
268, ostgotagatan, 271, 272, 59.31433661973473, 18.076592087745667, 59.31420932056744, 18.07665377855301, 15.1070078034891
269, ostgotagatan, 273, 272, 59.31403137469612, 18.07673156261444, 59.31420932056744, 18.07665377855301, 20.711235479472
270, ostgotagatan, 273, 47, 59.31403137469612, 18.07673156261444, 59.31389723026978, 18.076812028884888, 16.7622637227841
271, ostgotagatan, 274, 47, 59.31376719180028, 18.07687908411026, 59.31389723026978, 18.076812028884888, 15.6388598631339
272, ostgotagatan, 274, 275, 59.31376719180028, 18.07687908411026, 59.313615251484826, 18.076959550380707, 18.3854664360351
273, ostgotagatan, 276, 275, 59.313504375691004, 18.077018558979034, 59.313615251484826, 18.076959550380707, 13.4319232646695
274, ostgotagatan, 276, 81, 59.313504375691004, 18.077018558979034, 59.31332368843746, 18.077139258384705, 23.3306756389328
275, ostgotagatan, 277, 81, 59.31317037728754, 18.077222406864166, 59.31332368843746, 18.077139258384705, 18.6569668156978
276, ostgotagatan, 277, 278, 59.31317037728754, 18.077222406864166, 59.31298010623837, 18.077310919761658, 22.3980492184647
277, ostgotagatan, 279, 278, 59.312928089507196, 18.077337741851807, 59.31298010623837, 18.077310919761658, 6.25548644120542
278, ostgotagatan, 279, 138, 59.312928089507196, 18.077337741851807, 59.31268306225602, 18.077463805675507, 29.4529039562553
279, ostgotagatan, 280, 138, 59.31253111709597, 18.077485263347626, 59.31268306225602, 18.077463805675507, 16.2591224145349
280, ostgotagatan, 280, 281, 59.31253111709597, 18.077485263347626, 59.312474993036304, 18.07751476764679, 6.77921508117484
281, ostgotagatan, 282, 281, 59.312410655585666, 18.077544271945953, 59.312474993036304, 18.07751476764679, 7.55315625448501
282, ostgotagatan, 282, 283, 59.312410655585666, 18.077544271945953, 59.312254602540065, 18.07761400938034, 18.2338408350972
283, ostgotagatan, 157, 283, 59.3120205216288, 18.07771861553192, 59.312254602540065, 18.07761400938034, 27.3508026332391
284, ostgotagatan, 157, 284, 59.3120205216288, 18.07771861553192, 59.31187952474672, 18.077817857265472, 18.5318171526286
285, ostgotagatan, 285, 284, 59.311811079447544, 18.077906370162964, 59.31187952474672, 18.077817857265472, 12.1850975059039
286, ostgotagatan, 285, 286, 59.311811079447544, 18.077906370162964, 59.31167966408692, 18.078904151916504, 111.308528657248
287, ostgotagatan, 287, 286, 59.31162490753677, 18.0793359875679, 59.31167966408692, 18.078904151916504, 48.1463287910365
288, ostgotagatan, 287, 288, 59.31162490753677, 18.0793359875679, 59.31158384006627, 18.079633712768555, 33.2380703023959
289, ostgotagatan, 289, 288, 59.31153182119914, 18.08009773492813, 59.31158384006627, 18.079633712768555, 51.6529746604827
290, ostgotagatan, 289, 290, 59.31153182119914, 18.08009773492813, 59.31149486037676, 18.080374002456665, 30.8270020759584
291, ostgotagatan, 291, 290, 59.311449685983725, 18.080746829509735, 59.31149486037676, 18.080374002456665, 41.5411271900323
292, ostgotagatan, 291, 292, 59.311449685983725, 18.080746829509735, 59.311418200765225, 18.08101773262024, 30.1686255549021
293, ostgotagatan, 293, 292, 59.31138123981934, 18.081294000148773, 59.311418200765225, 18.08101773262024, 30.8270030327469
294, ostgotagatan, 293, 294, 59.31138123981934, 18.081294000148773, 59.311408618301606, 18.08150589466095, 23.6312122829932
295, ostgotagatan, 295, 294, 59.31134564775943, 18.081575632095337, 59.311408618301606, 18.08150589466095, 10.1986508980871
296, ostgotagatan, 295, 296, 59.31134564775943, 18.081575632095337, 59.311062278876356, 18.081707060337067, 33.3374520084007
297, katarina, 297, 296, 59.31107596824865, 18.08191627264023, 59.311062278876356, 18.081707060337067, 23.2011596184362
298, katarina, 297, 298, 59.31107596824865, 18.08191627264023, 59.311101978040845, 18.082128167152405, 23.613814622253
299, katarina, 299, 298, 59.31109513336061, 18.082211315631866, 59.311101978040845, 18.082128167152405, 9.23123000354406
300, katarina, 299, 300, 59.31109513336061, 18.082211315631866, 59.311023948604586, 18.08238297700882, 20.4393934385725
301, katarina, 301, 300, 59.31093359850732, 18.082627058029175, 59.311023948604586, 18.08238297700882, 28.6581595815953
302, katarina, 301, 302, 59.31093359850732, 18.082627058029175, 59.310832296597624, 18.08287113904953, 29.0656467104182
303, katarina, 303, 302, 59.31072551858235, 18.083136677742004, 59.310832296597624, 18.08287113904953, 31.4887220986641
304, katarina, 303, 211, 59.31072551858235, 18.083136677742004, 59.31063516769217, 18.083356618881226, 26.1548423825426
305, katarina, 304, 211, 59.31044898934328, 18.083834052085876, 59.31063516769217, 18.083356618881226, 56.3984159526812
306, katarina, 304, 305, 59.31044898934328, 18.083834052085876, 59.310342210124396, 18.084107637405396, 32.3215387029726
307, katarina, 306, 305, 59.31023816851172, 18.084386587142944, 59.310342210124396, 18.084107637405396, 32.780044029196
308, katarina, 306, 307, 59.31023816851172, 18.084386587142944, 59.310106747072254, 18.084705770015717, 37.9679856536748
309, katarina, 308, 307, 59.309978063087335, 18.085027635097504, 59.310106747072254, 18.084705770015717, 38.1399374133859
310, katarina, 308, 269, 59.309978063087335, 18.085027635097504, 59.30986854441872, 18.085317313671112, 34.0935909153332
311, katarina, 222, 269, 59.31005198798926, 18.085306584835052, 59.30986854441872, 18.085317313671112, 19.4545515007155
312, katarina, 309, 310, 59.31116494903431, 18.080022633075714, 59.31121012380561, 18.08026134967804, 26.8507899017288
313, katarina, 311, 310, 59.311238871356096, 18.08053493499756, 59.31121012380561, 18.08026134967804, 30.4333342742407
314, katarina, 311, 312, 59.311238871356096, 18.08053493499756, 59.31127035674064, 18.08078706264496, 28.1042095604938
315, katarina, 313, 312, 59.31124571600738, 18.08099627494812, 59.31127035674064, 18.08078706264496, 23.3023584168075
316, katarina, 313, 314, 59.31124571600738, 18.08099627494812, 59.311223813118396, 18.081181347370148, 20.6148582099229
317, katarina, 315, 314, 59.31121012380561, 18.081307411193848, 59.311223813118396, 18.081181347370148, 14.0278187903064
318, katarina, 315, 316, 59.31121012380561, 18.081307411193848, 59.31119369662298, 18.081438839435577, 14.6500869267143
319, katarina, 317, 316, 59.31116494903431, 18.081530034542084, 59.31119369662298, 18.081438839435577, 10.5424739561592
320, , 317, 296,  59.31116494903431, 18.081530034542084, 59.311062278876356, 18.081707060337067, 22.4058863467142
321, , 294, 296, 59.311408618301606, 18.08150589466095, 59.311062278876356, 18.081707060337067, 42.8935658187099
322, skane, 318, 319, 59.31163585885384, 18.075242936611176, 59.31166734387081, 18.07550311088562, 28.9886164500851
323, skane, 320, 319, 59.311702935594035, 18.075698912143707, 59.31166734387081, 18.07550311088562, 21.9966130374151
324, skane, 320, 321, 59.311702935594035, 18.075698912143707, 59.31176316765615, 18.075851798057556, 18.0831376405847
325, skane, 322, 321, 59.31177548783752, 18.075959086418152, 59.31176316765615, 18.075851798057556, 11.9461418353642
326, skane, 322, 323, 59.31177548783752, 18.075959086418152, 59.311804234910056, 18.07621121406555, 28.0712419708199
327, skane, 324, 323, 59.31181244835487, 18.07628631591797, 59.311804234910056, 18.07621121406555, 8.3579433837338
328, skane, 324, 325, 59.31181244835487, 18.07628631591797, 59.31180834163272, 18.076514303684235, 25.2377460575892
329, katarina, 326, 325, 59.31176316765615, 18.076903223991394, 59.31180834163272, 18.076514303684235, 43.3110110949457
330, katarina, 326, 327, 59.31176316765615, 18.076903223991394, 59.31170978015191, 18.07727873325348, 41.9443116956714
331, katarina, 328, 327, 59.31167008169701, 18.077589869499207, 59.31170978015191, 18.07727873325348, 34.692464769571
332, katarina, 328, 329, 59.31167008169701, 18.077589869499207, 59.311634489939415, 18.077890276908875, 33.4622979455441
333, ostgotagatan, 330, 329, 59.31148390901425, 18.077968060970306, 59.311634489939415, 18.077890276908875, 18.1165995254466
334, ostgotagatan, 330, 331, 59.31148390901425, 18.077968060970306, 59.31134427883327, 18.078043162822723, 16.9580538609244
335, ostgotagatan, 332, 331, 59.31116084223394, 18.078137040138245, 59.31134427883327, 18.078043162822723, 22.0234703873333
336, ostgotagatan, 332, 187, 59.31116084223394, 18.078137040138245, 59.310965084174526, 18.078241646289825, 23.7377081015989
337, ostgotagatan, 333, 187, 59.31049553402607, 18.078483045101166, 59.310965084174526, 18.078241646289825, 56.4315869818162
338, ostgotagatan, 333, 334, 59.31049553402607, 18.078483045101166, 59.31036548254683, 18.078555464744568, 15.9303752056999
339, ostgotagatan, 335, 334, 59.310307985944824, 18.07858496904373, 59.31036548254683, 18.078555464744568, 6.90725241988739
340, ostgotagatan, 335, 336, 59.310307985944824, 18.07858496904373, 59.31014644735232, 18.078662753105164, 19.1451778598392
341, ostgotagatan, 194, 336, 59.30996437327303, 18.07876467704773, 59.31014644735232, 18.078662753105164, 22.3326017629032
342, ostgotagatan, 194, 337, 59.30996437327303, 18.07876467704773, 59.30973027659585, 18.07889074087143, 28.4390170126796
343, ostgotagatan, 338, 337, 59.30967277891985, 18.078914880752563, 59.30973027659585, 18.07889074087143, 6.64692982423379
344, ostgotagatan, 338, 339, 59.30967277891985, 18.078914880752563, 59.309561890270174, 18.07897388935089, 13.4329322791839
345, ostgotagatan, 340, 339, 59.30945373926355, 18.07901680469513, 59.309561890270174, 18.07897388935089, 12.3947528745976
346, ostgotagatan, 340, 341, 59.30945373926355, 18.07901680469513, 59.30939350311072, 18.079048991203308, 7.30427228740333
347, ostgotagatan, 342, 341, 59.30924565028325, 18.079124093055725, 59.30939350311072, 18.079048991203308, 17.7217410222658
348, ostgotagatan, 342, 343, 59.30924565028325, 18.079124093055725, 59.30921416302401, 18.07913213968277, 3.44971764975278
349, ostgotagatan, 344, 343, 59.30909095172935, 18.079201877117157, 59.30921416302401, 18.07913213968277, 15.1557397985259
350, ostgotagatan, 344, 240, 59.30909095172935, 18.079201877117157, 59.30900470355745, 18.079234063625336, 9.80056033698849
351, ostgotagatan, 345, 240, 59.30893488344856, 18.079271614551544, 59.30900470355745, 18.079234063625336, 8.4791605973053
352, ostgotagatan, 345, 346, 59.30893488344856, 18.079271614551544, 59.30881440919815, 18.079338669776917, 14.7556129172247
353, ostgotagatan, 347, 346, 59.308632327987, 18.079424500465393, 59.30881440919815, 18.079338669776917, 21.4886937922541
354, ostgotagatan, 347, 348, 59.308632327987, 18.079424500465393, 59.30856935230363, 18.079454004764557, 7.42348247768331
355, ostgotagatan, 349, 348, 59.30846804335086, 18.079507648944855, 59.30856935230363, 18.079454004764557, 12.2582470517896
356, ostgotagatan, 349, 249, 59.30846804335086, 18.079507648944855, 59.308266793590015, 18.07960420846939, 23.8342372906257
357, sodermannagatan, 350, 14, 59.314726727117815, 18.079869747161865, 59.315008696685034, 18.079714179039, 34.4588696090746
358, sodermannagatan, 350, 351, 59.314726727117815, 18.079869747161865, 59.31467881943465, 18.07989925146103, 6.03182087369488
359, sodermannagatan, 352, 351, 59.3145788974783, 18.079944849014282, 59.31467881943465, 18.07989925146103, 11.7197669707115
360, sodermannagatan, 352, 353, 59.3145788974783, 18.079944849014282, 59.31446118082418, 18.08000385761261, 14.0691299958173
361, sodermannagatan, 35, 353, 59.31433251331741, 18.080084323883057, 59.31446118082418, 18.08000385761261, 16.2736502542119
362, sodermannagatan, 35, 354, 59.31433251331741, 18.080084323883057, 59.31414909283833, 18.080170154571533, 21.6156869310908
363, sodermannagatan, 355, 354, 59.31404916932516, 18.08022379875183, 59.31414909283833, 18.080170154571533, 12.1300962271949
364, sodermannagatan, 355, 356, 59.31404916932516, 18.08022379875183, 59.31392186908164, 18.08029353618622, 15.529593102361
365, sodermannagatan, 92, 356, 59.31372886457754, 18.080384731292725, 59.31392186908164, 18.08029353618622, 22.7882655155323
366, sodermannagatan, 92, 357, 59.31372886457754, 18.080384731292725, 59.31359882546412, 18.080454468727112, 15.781731027356
367, sodermannagatan, 358, 357, 59.313530383625725, 18.080489337444305, 59.31359882546412, 18.080454468727112, 8.20884651830137
368, sodermannagatan, 358, 359, 59.313530383625725, 18.080489337444305, 59.313382548784595, 18.080569803714752, 18.0061962297592
369, sodermannagatan, 360, 359, 59.313248401798454, 18.08063954114914, 59.313382548784595, 18.080569803714752, 16.1626223540848
370, sodermannagatan, 360, 124, 59.313248401798454, 18.08063954114914, 59.31309919687581, 18.080709278583527, 17.579578487137
372, sodermannagatan, 361, 124, 59.31300474571481, 18.08076024055481, 59.31309919687581, 18.080709278583527, 11.479421705233
373, sodermannagatan, 361, 362, 59.31300474571481, 18.08076024055481, 59.312882917018236, 18.080827295780182, 14.8793646674013
374, sodermannagatan, 363, 362, 59.312808998270455, 18.08086484670639, 59.312882917018236, 18.080827295780182, 8.85997873678382
375, sodermannagatan, 363, 364, 59.312808998270455, 18.08086484670639, 59.31274329258198, 18.08089703321457, 7.81450637353379
376, sodermannagatan, 365, 364, 59.31262283182335, 18.080956041812897, 59.31274329258198, 18.08089703321457, 14.3267962119983
377, sodermannagatan, 365, 366, 59.31262283182335, 18.080956041812897, 59.312544805876946, 18.081004321575165, 9.83749784502272
378, sodermannagatan, 367, 366, 59.3124667797515, 18.081041872501373, 59.312544805876946, 18.081004321575165, 9.24611818064812
379, sodermannagatan, 367, 167, 59.3124667797515, 18.081041872501373, 59.31246130422721, 18.08100700378418, 3.90245040243567
380, sodermannagatan, 368, 167, 59.31245172205757, 18.080966770648956, 59.31246130422721, 18.08100700378418, 4.56756696476626
381, sodermannagatan, 368, 369, 59.31245172205757, 18.080966770648956, 59.312238175862, 18.081079423427582, 25.8158694125055
382, sodermannagatan, 370, 369, 59.312058850777234, 18.081175982952118, 59.312238175862, 18.081079423427582, 21.7844473790324
383, sodermannagatan, 370, 371, 59.312058850777234, 18.081175982952118, 59.31191237844138, 18.081251084804535, 17.5925693596115
384, sodermannagatan, 372, 371, 59.31173578945931, 18.081334233283997, 59.31191237844138, 18.081251084804535, 20.8357857985199
385, sodermannagatan, 372, 294, 59.31173578945931, 18.081334233283997, 59.311408618301606, 18.08150589466095, 39.5024243358019
386, sodermannagatan, 373, 296, 59.31098561828961, 18.08172047138214, 59.311062278876356, 18.081707060337067, 8.2497652423555
387, sodermannagatan, 373, 374, 59.31098561828961, 18.08172047138214, 59.31081586923248, 18.081811666488647, 20.609865866847
388, sodermannagatan, 375, 374, 59.31067076049574, 18.081881403923035, 59.31081586923248, 18.081811666488647, 17.190937877371
389, sodermannagatan, 375, 376, 59.31067076049574, 18.081881403923035, 59.31061189545431, 18.0819109082222, 7.03488643467775
390, sodermannagatan, 207, 376, 59.310392861846964, 18.082023561000824, 59.31061189545431, 18.0819109082222, 26.3258812816849
391, sodermannagatan, 207, 377, 59.310392861846964, 18.082023561000824, 59.31018204066742, 18.082138895988464, 25.7097985459298
392, sodermannagatan, 378, 377, 59.310073891633046, 18.082200586795807, 59.31018204066742, 18.082138895988464, 13.3297617877895
393, sodermannagatan, 378, 379, 59.310073891633046, 18.082200586795807, 59.30994246955872, 18.082259595394135, 15.3686311664739
394, sodermannagatan, 380, 379, 59.30976587034657, 18.082353472709656, 59.30994246955872, 18.082259595394135, 21.3875827131867
395, sodermannagatan, 380, 381, 59.30976587034657, 18.082353472709656, 59.30966730294565, 18.08240979909897, 12.1544837320935
396, sodermannagatan, 382, 381, 59.309613912150866, 18.082431256771088, 59.30966730294565, 18.08240979909897, 6.13014753647612
397, sodermannagatan, 382, 383, 59.309613912150866, 18.082431256771088, 59.3094907023045, 18.082495629787445, 14.8617221418721
398, sodermannagatan, 384, 383, 59.309375706045145, 18.082554638385773, 59.3094907023045, 18.082495629787445, 13.8145053178063
399, sodermannagatan, 384, 385, 59.309375706045145, 18.082554638385773, 59.30923880522939, 18.082616329193115, 16.0196824636884
400, sodermannagatan, 260, 385, 59.309045774142774, 18.08271825313568, 59.30923880522939, 18.082616329193115, 23.3406490461229
401, nytorgsngatan, 15, 386, 59.31520032515335, 18.081361055374146, 59.31489919421821, 18.08150589466095, 35.6807314775748
402, nytorgsngatan, 387, 386, 59.31481569835027, 18.081556856632233, 59.31489919421821, 18.08150589466095, 10.4850145709402
403, nytorgsngatan, 387, 30, 59.31481569835027, 18.081556856632233, 59.31453509598018, 18.081682920455933, 32.8174195469323
404, nytorgsngatan, 388, 30, 59.314270916998225, 18.08183580636978, 59.31453509598018, 18.081682920455933, 32.6860289567413
405, nytorgsngatan, 388, 95, 59.314270916998225, 18.08183580636978, 59.313947876697036, 18.08199942111969, 38.6947794886729
406, nytorgsngatan, 388, 95, 59.314270916998225, 18.08183580636978, 59.313947876697036, 18.08199942111969, 38.6947794886729
407, nytorgsngatan, 389, 95, 59.313789093051035, 18.082085251808167, 59.313947876697036, 18.08199942111969, 19.3070627619816
408, nytorgsngatan, 389, 390, 59.313789093051035, 18.082085251808167, 59.31352353943429, 18.08220863342285, 31.2519806941653
409, nytorgsngatan, 118, 390, 59.31328809841069, 18.08232933282852, 59.31352353943429, 18.08220863342285, 28.2773536138745
410, nytorgsngatan, 118, 391, 59.31328809841069, 18.08232933282852, 59.31313068053783, 18.082401752471924, 18.4910804126682
411, nytorgsngatan, 392, 391, 59.31302254088115, 18.08246076107025, 59.31313068053783, 18.082401752471924, 13.1793810761194
412, nytorgsngatan, 392, 393, 59.31302254088115, 18.08246076107025, 59.31293493381849, 18.08250367641449, 10.4194379971976
413, nytorgsngatan, 394, 393, 59.31287881042537, 18.08253049850464, 59.31293493381849, 18.08250367641449, 6.64140392740383
414, nytorgsngatan, 394, 172, 59.31287881042537, 18.08253049850464, 59.31266800465785, 18.08264046907425, 25.4186418585239
415, nytorgsngatan, 395, 172, 59.312261446986895, 18.082830905914307, 59.31266800465785, 18.08264046907425, 47.9208299316631
416, nytorgsngatan, 395, 396, 59.312261446986895, 18.082830905914307, 59.3121396156271, 18.08289259672165, 14.5923960264712
417, nytorgsngatan, 397, 396, 59.31192880527682, 18.082999885082245, 59.3121396156271, 18.08289259672165, 25.2782066798162
418, nytorgsngatan, 397, 398, 59.31192880527682, 18.082999885082245, 59.31178643910612, 18.083072304725647, 17.0693534121943
419, nytorgsngatan, 399, 398, 59.31167555734871, 18.083125948905945, 59.31178643910612, 18.083072304725647, 13.1536513908597
420, nytorgsngatan, 399, 400, 59.31167555734871, 18.083125948905945, 59.311638596682556, 18.083109855651855, 4.29884716938788
421, nytorgsngatan, 401, 400, 59.31160711163896, 18.083037436008453, 59.311638596682556, 18.083109855651855, 8.68094041380103
422, nytorgsngatan, 401, 402, 59.31160711163896, 18.083037436008453, 59.31157288873246, 18.08277726173401, 29.0233467725725
423, nytorgsngatan, 403, 402, 59.31152908336182, 18.082450032234192, 59.31157288873246, 18.08277726173401, 36.5138801717969
424, nytorgsngatan, 403, 404, 59.31152908336182, 18.082450032234192, 59.311482540093685, 18.082055747509003, 43.9171577996704
425, nytorgsngatan, 294, 404, 59.311408618301606, 18.08150589466095, 59.311482540093685, 18.082055747509003, 61.3594366352667
426, nytorgsngatan, 405, 24, 59.31466239392777, 18.084201514720917, 59.31484170528196, 18.084113001823425, 21.3601300784502
427, nytorgsngatan, 405, 406, 59.31466239392777, 18.084201514720917, 59.31446665602643, 18.084298074245453, 23.3136971340528
428, nytorgsngatan, 108, 406, 59.3142804986552, 18.084386587142944, 59.31446665602643, 18.084298074245453, 22.0064604069771
429, nytorgsngatan, 407, 406, 59.313791830706386, 18.084611892700195, 59.31446665602643, 18.084298074245453, 79.4301780243204
430, renstiernas gata, 407, 110, 59.313791830706386, 18.084611892700195, 59.31360019429948, 18.084697723388672, 22.3998372704101
431, renstiernas gata, 408, 110, 59.31344414671319, 18.08477282524109, 59.31360019429948, 18.084697723388672, 18.491991974959
432, renstiernas gata, 408, 409, 59.31344414671319, 18.08477282524109, 59.31322923790007, 18.08487206697464, 25.262072537948
433, renstiernas gata, 410, 409, 59.312469517513335, 18.085236847400665, 59.31322923790007, 18.08487206697464, 89.9855193373923
434, renstiernas gata, 410, 411, 59.312469517513335, 18.085236847400665, 59.312291562536636, 18.085319995880127, 20.9652261882655
435, renstiernas gata, 412, 411, 59.312086228713916, 18.085419237613678, 59.312291562536636, 18.085319995880127, 24.3532339774675
436, renstiernas gata, 412, 413, 59.312086228713916, 18.085419237613678, 59.311719362530646, 18.0855855345726, 42.9752849455528
437, renstiernas gata, 414, 413, 59.31150444281605, 18.085692822933197, 59.311719362530646, 18.0855855345726, 25.6628163882182
438, renstiernas gata, 414, 415, 59.31150444281605, 18.085692822933197, 59.311331958495664, 18.08577597141266, 20.4463056477343
439, renstiernas gata, 416, 415, 59.311152628631724, 18.085856437683105, 59.311331958495664, 18.08577597141266, 20.9681612225602
440, renstiernas gata, 416, 212, 59.311152628631724, 18.085856437683105, 59.310891161257544, 18.085971772670746, 30.4793591455986
441, renstiernas gata, 417, 212, 59.3107296254353, 18.086046874523163, 59.310891161257544, 18.085971772670746, 19.0124672028963
442, renstiernas gata, 417, 418, 59.3107296254353, 18.086046874523163, 59.31053386489347, 18.086130023002625, 22.6735389494167
443, renstiernas gata, 419, 418, 59.31033810322466, 18.086229264736176, 59.31053386489347, 18.086130023002625, 23.4532777755422
444, renstiernas gata, 419, 229, 59.31033810322466, 18.086229264736176, 59.310171088882115, 18.08624804019928, 17.8007420250772
445, nytorget, 420, 172, 59.31266526691202, 18.08373212814331, 59.31266800465785, 18.08264046907425, 120.826647459386
446, nytorget, 420, 421, 59.31266526691202, 18.08373212814331, 59.31242981994538, 18.083855509757996, 28.4192432903836
447, nytorget, 422, 421, 59.312276504765094, 18.083930611610413, 59.31242981994538, 18.083855509757996, 18.2339859450949
448, nytorget, 422, 423, 59.312276504765094, 18.083930611610413, 59.31207117085145, 18.084013760089874, 23.603626624291
449, nytorget, 424, 423, 59.31189868940579, 18.08409422636032, 59.31207117085145, 18.084013760089874, 20.314365024524
450, nytorget, 424, 425, 59.31189868940579, 18.08409422636032, 59.3118357197711, 18.084172010421753, 10.8879856340953
451, nytorget, 426, 425, 59.31178507019773, 18.084303438663483, 59.3118357197711, 18.084172010421753, 15.5032514532524
452, nytorget, 426, 427, 59.31178507019773, 18.084303438663483, 59.31167418843588, 18.084566295146942, 31.3717110336772
453, nytorget, 428, 427, 59.311548248218415, 18.084890842437744, 59.31167418843588, 18.084566295146942, 38.3153468724127
454, nytorget, 428, 429, 59.311548248218415, 18.084890842437744, 59.31150718065536, 18.08499276638031, 12.0898045162139
455, nytorget, 430, 431, 59.31134701668548, 18.079172372817993, 59.310863782358645, 18.0793896317482, 56.5240672819405
456, bjurholmsgatan, 432, 431, 59.31078438342713, 18.079429864883423, 59.310863782358645, 18.0793896317482, 9.51158948554059
457, bjurholmsgatan, 432, 197, 59.31078438342713, 18.079429864883423, 59.31009305730979, 18.07977318763733, 82.4594291109454
458, bjurholmsgatan, 433, 197, 59.30993151769628, 18.079901933670044, 59.31009305730979, 18.07977318763733, 22.2592508029547
459, bjurholmsgatan, 433, 434, 59.30993151769628, 18.079901933670044, 59.309750811456574, 18.079995810985565, 21.7689375307732
460, bjurholmsgatan, 435, 434, 59.30967688589994, 18.08003067970276, 59.309750811456574, 18.079995810985565, 8.72519500647282
461, bjurholmsgatan, 435, 436, 59.30967688589994, 18.08003067970276, 59.30955641427811, 18.08008700609207, 14.1949068288586
462, bjurholmsgatan, 437, 436, 59.309375706045145, 18.080170154571533, 59.30955641427811, 18.08008700609207, 21.227907790398
463, bjurholmsgatan, 437, 438, 59.309375706045145, 18.080170154571533, 59.30922237709446, 18.08023989200592, 17.97288316536
464, bjurholmsgatan, 439, 438, 59.30906904745243, 18.080314993858337, 59.30922237709446, 18.08023989200592, 18.2357191606173
465, bjurholmsgatan, 439, 440, 59.30906904745243, 18.080314993858337, 59.309088213695496, 18.080438375473022, 13.8060092792271
466, bjurholmsgatan, 441, 440, 59.309160771517796, 18.080773651599884, 59.309088213695496, 18.080438375473022, 37.8953501654462
467, bjurholm, 442, 441, 59.3092442812726, 18.08115988969803, 59.309160771517796, 18.080773651599884, 43.6538015973494
468, bjurholm, 442, 443, 59.3092442812726, 18.08115988969803, 59.30932094578499, 18.08146297931671, 34.5140239205969
469, bjurholm, 444, 443, 59.30944415624637, 18.0814066529274, 59.30932094578499, 18.08146297931671, 14.4559549406523
470, bjurholm, 444, 445, 59.30944415624637, 18.0814066529274, 59.30962075712924, 18.081307411193848, 21.6825497821966
471, bjurholm, 446, 445, 59.3097248006309, 18.081256449222565, 59.30962075712924, 18.081307411193848, 12.3738784094677
472, bjurholm, 446, 447, 59.3097248006309, 18.081256449222565, 59.30967551690664, 18.08091849088669, 37.7677401131668
473, bjurholm, 448, 447, 59.30963718507171, 18.08062344789505, 59.30967551690664, 18.08091849088669, 32.9069254703033
474, bjurholm, 448, 449, 59.30963718507171, 18.08062344789505, 59.30959063921407, 18.080328404903412, 33.0254324382113
475, bjurholm, 436, 449, 59.30955641427811, 18.08008700609207, 59.30959063921407, 18.080328404903412, 26.9628111991062
476, bjurholm, 450, 441, 59.30904303610531, 18.080894351005554, 59.309160771517796, 18.080773651599884, 18.2701763178776
477, bjurholm, 450, 451, 59.30904303610531, 18.080894351005554, 59.30889107467962, 18.0810284614563, 21.8881647956573
478, bjurholm, 257, 451, 59.30870625581436, 18.081202805042267, 59.30889107467962, 18.0810284614563, 27.479356542554
479, bjurholm, 452, 309, 59.31095687052503, 18.080095052719116, 59.31116494903431, 18.080022633075714, 23.4396059902387
480, bjurholm, 452, 453, 59.31095687052503, 18.080095052719116, 59.31076248024099, 18.080170154571533, 22.1930718781998
481, bjurholm, 454, 453, 59.310600943807444, 18.08023989200592, 59.31076248024099, 18.080170154571533, 18.7609975638467
482, bjurholm, 454, 455, 59.310600943807444, 18.08023989200592, 59.310412027343915, 18.080325722694397, 22.1398393843527
483, bjurholm, 199, 455, 59.31018751655875, 18.080441057682037, 59.310412027343915, 18.080325722694397, 26.9774553248817
484, narkes, 456, 396, 59.31209991767402, 18.082621693611145, 59.3121396156271, 18.08289259672165, 30.27697073962
485, narkes, 456, 457, 59.31209991767402, 18.082621693611145, 59.31207527754188, 18.08238834142685, 25.9591159581641
486, narkes, 458, 457, 59.31203831731022, 18.082095980644226, 59.31207527754188, 18.08238834142685, 32.5945766301906
487, narkes, 458, 459, 59.31203831731022, 18.082095980644226, 59.31200409483769, 18.081806302070618, 32.2660318675764
488, narkes, 460, 459, 59.311969872330685, 18.081613183021545, 59.31200409483769, 18.081806302070618, 21.6794892669649
489, narkes, 460, 371, 59.311969872330685, 18.081613183021545, 59.31191237844138, 18.081251084804535, 40.5370219220081
